config:
  - wait_cost: 0.5
    wait_time: 5
    safety_time: 20
    gate_delay_time: [0, 1, 2, 3, 4, 5, 6, 7, 8, 9, 10, 11, 12, 13, 14, 15, 16, 17, 18, 19, 20, 21, 22, 23, 24, 25]
    gate_delay_prob: [0.19999999999999996, 0.15999999999999998, 0.12799999999999997, 0.10239999999999999, 0.08191999999999999, 0.065536, 0.0524288, 0.04194304, 0.033554432, 0.026843545600000004, 0.021474836480000006, 0.017179869184000007, 0.013743895347200006, 0.010995116277760005, 0.008796093022208004, 0.007036874417766403, 0.005629499534213123, 0.004503599627370499, 0.0036028797018963993, 0.0028823037615171195, 0.0023058430092136955, 0.0018446744073709566, 0.0014757395258967654, 0.0011805916207174123, 0.0009444732965739298, 0.0037778931862961773]
    runway_delay_time: [0, 1, 2, 3, 4, 5, 6, 7, 8, 9, 10, 11, 12, 13, 14, 15, 16, 17, 18, 19, 20, 21, 22, 23, 24, 25]
    runway_delay_prob: [0.19999999999999996, 0.15999999999999998, 0.12799999999999997, 0.10239999999999999, 0.08191999999999999, 0.065536, 0.0524288, 0.04194304, 0.033554432, 0.026843545600000004, 0.021474836480000006, 0.017179869184000007, 0.013743895347200006, 0.010995116277760005, 0.008796093022208004, 0.007036874417766403, 0.005629499534213123, 0.004503599627370499, 0.0036028797018963993, 0.0028823037615171195, 0.0023058430092136955, 0.0018446744073709566, 0.0014757395258967654, 0.0011805916207174123, 0.0009444732965739298, 0.0037778931862961773]
    safety_distance: 500
    tick_per_time_unit: 1
    strict_passing_order: 0
    schedule_time_window: 600
