config:
  - wait_cost: 0.5
    wait_time: 5
    safety_time: 20
    gate_delay_time: [0, 1, 2, 3, 4, 5, 6, 7]
    gate_delay_prob: [0.7, 0.21, 0.063, 0.0189, 0.00567, 0.001701, 0.0005103, 0.0002187]
    runway_delay_time: [0, 1, 2, 3, 4, 5, 6, 7]
    runway_delay_prob: [0.7, 0.21, 0.063, 0.0189, 0.00567, 0.001701, 0.0005103, 0.0002187]
    safety_distance: 500
    tick_per_time_unit: 1
    strict_passing_order: 0
    schedule_time_window: 600
