config:
  - wait_cost: 0.5
    wait_time: 5
    safety_time: 20
    gate_delay_time: [0,1,2,3,4,5,6,7,8,9,10]
    gate_delay_prob: [0.5, 0.25, 0.125, 0.0625, 0.03125, 0.015625, 0.0078125, 0.00390625, 0.001953125, 0.0009765625, 0.0009765625]
    runway_delay_time: [0,1,2,3,4,5,6,7,8,9,10]
    runway_delay_prob: [0.5, 0.25, 0.125, 0.0625, 0.03125, 0.015625, 0.0078125, 0.00390625, 0.001953125, 0.0009765625, 0.0009765625]
    safety_distance: 500
    tick_per_time_unit: 1
    strict_passing_order: 0  