config:
  - wait_cost: 0.5
    wait_time: 5
    safety_time: 20
    gate_delay_time: [0,1,2,3,4,5,6,7,8]
    gate_delay_prob: [0.6, 0.24, 0.096, 0.0384, 0.01536, 0.006144, 0.0024576, 0.00098304, 0.00065536]
    runway_delay_time: [0,1,2,3,4,5,6,7,8]
    runway_delay_prob: [0.6, 0.24, 0.096, 0.0384, 0.01536, 0.006144, 0.0024576, 0.00098304, 0.00065536]
    safety_distance: 500
    tick_per_time_unit: 1
    strict_passing_order: 0  