config:
  - wait_cost: 0.5
    wait_time: 5
    safety_time: 20
    gate_delay_time: [0,1,2,3,4,5,6,7,8,9,10,11,12,13]
    gate_delay_prob: [0.4,0.24,0.144,0.0864,0.05184,0.031104,0.0186624,0.01119744,0.006718464,0.0040310784,0.00241864704,0.001451188224,0.0008707129344,0.0013060694016]
    runway_delay_time: [0,1,2,3,4,5,6,7,8,9,10,11,12,13]
    runway_delay_prob: [0.4,0.24,0.144,0.0864,0.05184,0.031104,0.0186624,0.01119744,0.006718464,0.0040310784,0.00241864704,0.001451188224,0.0008707129344,0.0013060694016]
    safety_distance: 500
    tick_per_time_unit: 1
    strict_passing_order: 0  