config:
  - wait_cost: 0.5
    wait_time: 5
    safety_time: 20
    gate_delay_time: [0,1,2,3,4,5,6,7,8,9,10,11,12,13,14,15,16,17]
    gate_delay_prob: [0.3,0.21,0.147,0.1029,0.07203,0.050421,0.0352947,0.02470629, 0.017294403,0.0121060821,0.00847425747,0.005931980229,0.004152380229,0.00290667031221,0.002034669218547,0.0014242684529828988,0.0009969879170880292,0.002326305139872087]
    runway_delay_time: [0,1,2,3,4,5,6,7,8,9,10,11,12,13,14,15,16,17]
    runway_delay_prob: [0.3,0.21,0.147,0.1029,0.07203,0.050421,0.0352947,0.02470629, 0.017294403,0.0121060821,0.00847425747,0.005931980229,0.004152380229,0.00290667031221,0.002034669218547,0.0014242684529828988,0.0009969879170880292,0.002326305139872087]
    safety_distance: 500
    tick_per_time_unit: 1
    strict_passing_order: 0  